Genotype	Provenance	Latitude	Longitude	Elevation	MAT	MWMT	MCMT	TD	MAP	MSP	AHM	SHM	DD_0	DD5	DD_18	DD18	NFFD	bFFP	eFFP	FFP	PAS	EMT	EXT	MAR	Eref	CMD	RH
ALAA20_1	ALAA	50.983333	-126.116667	0	7.4	14.7	0.5	14.2	2726	658	6.4	22.3	207	1426	3891	28	246	126	292	166	281	-22.6	32.1	9.9	591	17	71
ALAA20_2	ALAA	50.983333	-126.116667	0	7.4	14.7	0.5	14.2	2726	658	6.4	22.3	207	1426	3891	28	246	126	292	166	281	-22.6	32.1	9.9	591	17	71
ALAA20_3	ALAA	50.983333	-126.116667	0	7.4	14.7	0.5	14.2	2726	658	6.4	22.3	207	1426	3891	28	246	126	292	166	281	-22.6	32.1	9.9	591	17	71
ALAA20_4	ALAA	50.983333	-126.116667	0	7.4	14.7	0.5	14.2	2726	658	6.4	22.3	207	1426	3891	28	246	126	292	166	281	-22.6	32.1	9.9	591	17	71
ALAA20_5	ALAA	50.983333	-126.116667	0	7.4	14.7	0.5	14.2	2726	658	6.4	22.3	207	1426	3891	28	246	126	292	166	281	-22.6	32.1	9.9	591	17	71
ALSC01_4	ALSC	59.616667	-137.916667	107	3.2	13.5	-7.7	21.2	1536	500	8.6	27	869	997	5369	27	175	141	269	128	632	-36.7	29.5	10.1	387	17	70
ALSC01_5	ALSC	59.616667	-137.916667	107	3.2	13.5	-7.7	21.2	1536	500	8.6	27	869	997	5369	27	175	141	269	128	632	-36.7	29.5	10.1	387	17	70
AMER13_3	AMER	54.633333	-124.966667	701	2.4	14.3	-11.3	25.6	526	214	23.6	66.7	1169	1066	5668	18	152	160	256	96	233	-41.7	32.5	10.4	514	256	61
BELA18_1	BELA	52.416667	-126.166667	152	6.8	16.9	-3.8	20.7	825	180	20.4	93.4	444	1637	4139	66	200	143	274	131	220	-30.9	34.9	10.6	685	398	62
BELA18_2	BELA	52.416667	-126.166667	152	6.8	16.9	-3.8	20.7	825	180	20.4	93.4	444	1637	4139	66	200	143	274	131	220	-30.9	34.9	10.6	685	398	62
BELA18_3	BELA	52.416667	-126.166667	152	6.8	16.9	-3.8	20.7	825	180	20.4	93.4	444	1637	4139	66	200	143	274	131	220	-30.9	34.9	10.6	685	398	62
BELA18_4	BELA	52.416667	-126.166667	152	6.8	16.9	-3.8	20.7	825	180	20.4	93.4	444	1637	4139	66	200	143	274	131	220	-30.9	34.9	10.6	685	398	62
BELA18_5	BELA	52.416667	-126.166667	152	6.8	16.9	-3.8	20.7	825	180	20.4	93.4	444	1637	4139	66	200	143	274	131	220	-30.9	34.9	10.6	685	398	62
BELC18_1	BELC	52.383333	-126.6	135	6.2	15	-3	18	1480	344	10.9	43.7	402	1363	4317	33	206	140	278	139	338	-29.6	32.8	9.2	589	169	67
BELC18_2	BELC	52.383333	-126.6	135	6.2	15	-3	18	1480	344	10.9	43.7	402	1363	4317	33	206	140	278	139	338	-29.6	32.8	9.2	589	169	67
BELC18_3	BELC	52.383333	-126.6	135	6.2	15	-3	18	1480	344	10.9	43.7	402	1363	4317	33	206	140	278	139	338	-29.6	32.8	9.2	589	169	67
BELC18_4	BELC	52.383333	-126.6	135	6.2	15	-3	18	1480	344	10.9	43.7	402	1363	4317	33	206	140	278	139	338	-29.6	32.8	9.2	589	169	67
BELC18_5	BELC	52.383333	-126.6	135	6.2	15	-3	18	1480	344	10.9	43.7	402	1363	4317	33	206	140	278	139	338	-29.6	32.8	9.2	589	169	67
BLCG28_1	BLCG	49.833333	-125.183333	91	8.7	16.7	1.5	15.2	1516	276	12.3	60.7	157	1791	3452	66	268	116	293	177	108	-20	35.2	11.1	674	220	70
BLCG28_3	BLCG	49.833333	-125.183333	91	8.7	16.7	1.5	15.2	1516	276	12.3	60.7	157	1791	3452	66	268	116	293	177	108	-20	35.2	11.1	674	220	70
BULA11_4	BULA	55.25	-127.5	311	4.1	15	-8.8	23.8	544	248	25.9	60.7	861	1243	5078	29	171	149	262	113	173	-38.1	33.3	9.9	568	261	63
BULB11_1	BULB	55.116667	-127.35	427	3.8	14.8	-8.9	23.7	590	260	23.5	56.9	885	1195	5162	25	171	148	262	115	201	-38.2	33.1	10	527	226	64
BULF11_2	BULF	54.55	-126.833333	561	3.1	14.3	-10	24.2	435	190	30.2	75	1007	1106	5409	19	156	156	254	97	168	-40.6	32.9	10.3	541	311	60
BULF11_3	BULF	54.55	-126.833333	561	3.1	14.3	-10	24.2	435	190	30.2	75	1007	1106	5409	19	156	156	254	97	168	-40.6	32.9	10.3	541	311	60
BULF11_4	BULF	54.55	-126.833333	561	3.1	14.3	-10	24.2	435	190	30.2	75	1007	1106	5409	19	156	156	254	97	168	-40.6	32.9	10.3	541	311	60
BULF11_5	BULF	54.55	-126.833333	561	3.1	14.3	-10	24.2	435	190	30.2	75	1007	1106	5409	19	156	156	254	97	168	-40.6	32.9	10.3	541	311	60
BULG11_2	BULG	54.45	-126.8	579	3.1	14.3	-10.1	24.4	418	187	31.4	76.4	1016	1103	5424	18	154	158	253	96	160	-40.8	32.9	10.3	543	317	60
BULG11_4	BULG	54.45	-126.8	579	3.1	14.3	-10.1	24.4	418	187	31.4	76.4	1016	1103	5424	18	154	158	253	96	160	-40.8	32.9	10.3	543	317	60
BULG11_5	BULG	54.45	-126.8	579	3.1	14.3	-10.1	24.4	418	187	31.4	76.4	1016	1103	5424	18	154	158	253	96	160	-40.8	32.9	10.3	543	317	60
CARS29_2	CARS	45.75	-122.833333	650	10.6	18.1	3.7	14.4	1432	306	14.4	59.2	85	2283	2809	123	308	91	316	225	36	-15.9	36.4	12.5	786	295	70
CARS29_3	CARS	45.75	-122.833333	650	10.6	18.1	3.7	14.4	1432	306	14.4	59.2	85	2283	2809	123	308	91	316	225	36	-15.9	36.4	12.5	786	295	70
CARS29_4	CARS	45.75	-122.833333	650	10.6	18.1	3.7	14.4	1432	306	14.4	59.2	85	2283	2809	123	308	91	316	225	36	-15.9	36.4	12.5	786	295	70
CDRE10_1	CDRE	55.016667	-128.333333	152	5.2	16.2	-6.8	23	810	216	18.8	74.9	688	1429	4674	47	188	145	271	126	256	-34.6	34.4	9.6	591	313	65
CDRE10_3	CDRE	55.016667	-128.333333	152	5.2	16.2	-6.8	23	810	216	18.8	74.9	688	1429	4674	47	188	145	271	126	256	-34.6	34.4	9.6	591	313	65
CEDA10_2	CEDA	54.95	-128.916667	274	5.3	15.6	-5.8	21.4	1041	268	14.7	58.2	616	1348	4658	41	190	149	270	121	372	-32.9	33.9	9.7	579	266	66
CEDA10_4	CEDA	54.95	-128.916667	274	5.3	15.6	-5.8	21.4	1041	268	14.7	58.2	616	1348	4658	41	190	149	270	121	372	-32.9	33.9	9.7	579	266	66
CHIL14_2	CHIL	54.883333	-122.983333	183	3	15.4	-12.1	27.5	601	185	21.6	83.1	1191	1257	5478	29	148	165	252	88	316	-42.1	34.6	10.1	588	344	56
CHKC19_1	CHKC	51.733333	-127.316667	67	7.3	14.2	1.4	12.8	2892	724	6	19.6	174	1335	3897	22	262	121	297	176	222	-20.3	31.4	9.5	521	0	76
CHKC19_2	CHKC	51.733333	-127.316667	67	7.3	14.2	1.4	12.8	2892	724	6	19.6	174	1335	3897	22	262	121	297	176	222	-20.3	31.4	9.5	521	0	76
CHKC19_3	CHKC	51.733333	-127.316667	67	7.3	14.2	1.4	12.8	2892	724	6	19.6	174	1335	3897	22	262	121	297	176	222	-20.3	31.4	9.5	521	0	76
CHKC19_4	CHKC	51.733333	-127.316667	67	7.3	14.2	1.4	12.8	2892	724	6	19.6	174	1335	3897	22	262	121	297	176	222	-20.3	31.4	9.5	521	0	76
CHKD19_1	CHKD	51.766667	-127.2	79	6.2	13.4	-0.1	13.5	3279	864	4.9	15.5	251	1126	4297	16	212	144	281	137	422	-26	31.2	9.9	551	0	68
CHKD19_2	CHKD	51.766667	-127.2	79	6.2	13.4	-0.1	13.5	3279	864	4.9	15.5	251	1126	4297	16	212	144	281	137	422	-26	31.2	9.9	551	0	68
CHKD19_3	CHKD	51.766667	-127.2	79	6.2	13.4	-0.1	13.5	3279	864	4.9	15.5	251	1126	4297	16	212	144	281	137	422	-26	31.2	9.9	551	0	68
CHKD19_4	CHKD	51.766667	-127.2	79	6.2	13.4	-0.1	13.5	3279	864	4.9	15.5	251	1126	4297	16	212	144	281	137	422	-26	31.2	9.9	551	0	68
CHKD19_5	CHKD	51.766667	-127.2	79	6.2	13.4	-0.1	13.5	3279	864	4.9	15.5	251	1126	4297	16	212	144	281	137	422	-26	31.2	9.9	551	0	68
CHWH27_1	CHWH	49.1	-121.516667	480	5.8	14.5	-2.1	16.6	1557	340	10.2	42.7	369	1212	4440	22	194	151	275	123	370	-28.7	33.1	11.8	626	146	65
CHWH27_2	CHWH	49.1	-121.516667	480	5.8	14.5	-2.1	16.6	1557	340	10.2	42.7	369	1212	4440	22	194	151	275	123	370	-28.7	33.1	11.8	626	146	65
CHWH27_3	CHWH	49.1	-121.516667	480	5.8	14.5	-2.1	16.6	1557	340	10.2	42.7	369	1212	4440	22	194	151	275	123	370	-28.7	33.1	11.8	626	146	65
CHWH27_4	CHWH	49.1	-121.516667	480	5.8	14.5	-2.1	16.6	1557	340	10.2	42.7	369	1212	4440	22	194	151	275	123	370	-28.7	33.1	11.8	626	146	65
CHWH27_5	CHWH	49.1	-121.516667	480	5.8	14.5	-2.1	16.6	1557	340	10.2	42.7	369	1212	4440	22	194	151	275	123	370	-28.7	33.1	11.8	626	146	65
CHWI27_4	CHWI	49.1	-121.633333	360	6.8	15.5	-1	16.5	1307	286	12.9	54.2	289	1414	4101	34	215	142	282	140	227	-26.4	34.1	12.9	648	202	66
CHWJ27_2	CHWJ	49.083333	-121.716667	280	7.8	16.1	-0.1	16.3	1512	353	11.8	45.6	221	1620	3751	48	241	128	289	161	167	-24.1	34.4	9.4	663	158	68
CHWK27_2	CHWK	49.083333	-121.733333	280	7.8	16.1	-0.1	16.2	1579	373	11.3	43.1	221	1610	3760	47	239	130	289	159	174	-24.4	34.4	9.2	666	145	68
CHWK27_3	CHWK	49.083333	-121.733333	280	7.8	16.1	-0.1	16.2	1579	373	11.3	43.1	221	1610	3760	47	239	130	289	159	174	-24.4	34.4	9.2	666	145	68
CMBF28_1	CMBF	49.95	-125.25	76	8.7	16.7	1.5	15.2	1470	289	12.7	58	157	1799	3445	67	271	113	296	183	101	-19.8	35.1	11.1	664	207	71
CMBF28_2	CMBF	49.95	-125.25	76	8.7	16.7	1.5	15.2	1470	289	12.7	58	157	1799	3445	67	271	113	296	183	101	-19.8	35.1	11.1	664	207	71
CMBF28_3	CMBF	49.95	-125.25	76	8.7	16.7	1.5	15.2	1470	289	12.7	58	157	1799	3445	67	271	113	296	183	101	-19.8	35.1	11.1	664	207	71
CNYH28_1	CNYH	49.666667	-125.066667	76	8.9	16.9	1.7	15.2	1534	237	12.3	71.3	151	1835	3398	72	271	115	295	180	106	-19.7	35.2	11.1	679	257	70
CNYH28_2	CNYH	49.666667	-125.066667	76	8.9	16.9	1.7	15.2	1534	237	12.3	71.3	151	1835	3398	72	271	115	295	180	106	-19.7	35.2	11.1	679	257	70
CNYH28_4	CNYH	49.666667	-125.066667	76	8.9	16.9	1.7	15.2	1534	237	12.3	71.3	151	1835	3398	72	271	115	295	180	106	-19.7	35.2	11.1	679	257	70
CNYH28_5	CNYH	49.666667	-125.066667	76	8.9	16.9	1.7	15.2	1534	237	12.3	71.3	151	1835	3398	72	271	115	295	180	106	-19.7	35.2	11.1	679	257	70
CSYJ28_1	CSYJ	49.066667	-123.866667	20	9.7	17.6	2.8	14.7	1045	186	18.8	94.6	113	2026	3123	93	295	98	309	212	46	-17.2	35.2	11.5	663	296	73
CSYJ28_2	CSYJ	49.066667	-123.866667	20	9.7	17.6	2.8	14.7	1045	186	18.8	94.6	113	2026	3123	93	295	98	309	212	46	-17.2	35.2	11.5	663	296	73
CSYJ28_3	CSYJ	49.066667	-123.866667	20	9.7	17.6	2.8	14.7	1045	186	18.8	94.6	113	2026	3123	93	295	98	309	212	46	-17.2	35.2	11.5	663	296	73
DENA17_2	DENA	52.766667	-126.616667	213	4.8	14.5	-5.3	19.9	873	256	17	56.7	610	1204	4795	25	165	162	263	101	294	-34.4	33.3	9.3	619	287	59
DENA17_3	DENA	52.766667	-126.616667	213	4.8	14.5	-5.3	19.9	873	256	17	56.7	610	1204	4795	25	165	162	263	101	294	-34.4	33.3	9.3	619	287	59
DENA17_4	DENA	52.766667	-126.616667	213	4.8	14.5	-5.3	19.9	873	256	17	56.7	610	1204	4795	25	165	162	263	101	294	-34.4	33.3	9.3	619	287	59
DENB17_1	DENB	52.833333	-126.7	152	5.6	15.2	-4.4	19.6	951	272	16.4	56	520	1332	4531	33	181	153	269	116	272	-32.8	33.6	12.3	623	282	61
DENB17_2	DENB	52.833333	-126.7	152	5.6	15.2	-4.4	19.6	951	272	16.4	56	520	1332	4531	33	181	153	269	116	272	-32.8	33.6	12.3	623	282	61
DENB17_4	DENB	52.833333	-126.7	152	5.6	15.2	-4.4	19.6	951	272	16.4	56	520	1332	4531	33	181	153	269	116	272	-32.8	33.6	12.3	623	282	61
DENC17_2	DENC	52.833333	-126.8	91	6.4	15.7	-3.2	18.9	1135	316	14.5	49.6	407	1465	4229	44	208	139	279	140	246	-29.7	33.3	9.2	609	223	66
DENC17_3	DENC	52.833333	-126.8	91	6.4	15.7	-3.2	18.9	1135	316	14.5	49.6	407	1465	4229	44	208	139	279	140	246	-29.7	33.3	9.2	609	223	66
DENC17_4	DENC	52.833333	-126.8	91	6.4	15.7	-3.2	18.9	1135	316	14.5	49.6	407	1465	4229	44	208	139	279	140	246	-29.7	33.3	9.2	609	223	66
DENC17_5	DENC	52.833333	-126.8	91	6.4	15.7	-3.2	18.9	1135	316	14.5	49.6	407	1465	4229	44	208	139	279	140	246	-29.7	33.3	9.2	609	223	66
DEND17_2	DEND	52.816667	-126.95	27	7.2	15.8	-1.9	17.7	1363	347	12.6	45.5	307	1557	3968	52	230	129	287	158	214	-27.1	33.1	9.7	602	180	69
DEND17_3	DEND	52.816667	-126.95	27	7.2	15.8	-1.9	17.7	1363	347	12.6	45.5	307	1557	3968	52	230	129	287	158	214	-27.1	33.1	9.7	602	180	69
DEND17_5	DEND	52.816667	-126.95	27	7.2	15.8	-1.9	17.7	1363	347	12.6	45.5	307	1557	3968	52	230	129	287	158	214	-27.1	33.1	9.7	602	180	69
DESD02_2	DESD	59.45	-129.016667	674	-1	13.8	-17.5	31.3	422	201	21.2	68.8	2091	891	6921	11	124	173	241	68	209	-49.4	32	10	469	241	57
ELAD25_2	ELAD	50.25	-123.583333	305	6.9	16.8	-2.8	19.6	1773	338	9.6	49.5	389	1618	4078	62	219	131	280	149	425	-27.6	35.5	11	663	232	67
ELAD25_4	ELAD	50.25	-123.583333	305	6.9	16.8	-2.8	19.6	1773	338	9.6	49.5	389	1618	4078	62	219	131	280	149	425	-27.6	35.5	11	663	232	67
ELAD25_5	ELAD	50.25	-123.583333	305	6.9	16.8	-2.8	19.6	1773	338	9.6	49.5	389	1618	4078	62	219	131	280	149	425	-27.6	35.5	11	663	232	67
FKRB06_1	FKRB	56.733333	-130.633333	280	2.7	13	-9	22.1	1049	296	12.1	44	972	935	5566	20	163	155	263	108	519	-37.7	30.7	9.6	456	178	68
FNYI28_1	FNYI	49.516667	-124.85	46	9.1	17.1	2	15.2	1375	206	13.9	83	141	1887	3326	78	279	111	299	187	86	-18.8	35.2	-9999	678	287	71
FNYI28_2	FNYI	49.516667	-124.85	46	9.1	17.1	2	15.2	1375	206	13.9	83	141	1887	3326	78	279	111	299	187	86	-18.8	35.2	-9999	678	287	71
FNYI28_3	FNYI	49.516667	-124.85	46	9.1	17.1	2	15.2	1375	206	13.9	83	141	1887	3326	78	279	111	299	187	86	-18.8	35.2	-9999	678	287	71
FNYI28_4	FNYI	49.516667	-124.85	46	9.1	17.1	2	15.2	1375	206	13.9	83	141	1887	3326	78	279	111	299	187	86	-18.8	35.2	-9999	678	287	71
GLCA26_1	GLCA	49.866667	-122.45	366	6.8	16.5	-2.8	19.2	1445	307	11.6	53.7	382	1561	4122	56	210	141	280	139	335	-28.4	35.9	-9999	691	233	65
GLCB26_1	GLCB	50.1	-123	579	5.7	15.3	-3.4	18.7	1402	295	11.2	51.8	469	1320	4507	33	186	153	273	120	426	-30.2	34.6	11.7	639	215	64
GLCB26_2	GLCB	50.1	-123	579	5.7	15.3	-3.4	18.7	1402	295	11.2	51.8	469	1320	4507	33	186	153	273	120	426	-30.2	34.6	11.7	639	215	64
GLCB26_3	GLCB	50.1	-123	579	5.7	15.3	-3.4	18.7	1402	295	11.2	51.8	469	1320	4507	33	186	153	273	120	426	-30.2	34.6	11.7	639	215	64
GLCB26_4	GLCB	50.1	-123	579	5.7	15.3	-3.4	18.7	1402	295	11.2	51.8	469	1320	4507	33	186	153	273	120	426	-30.2	34.6	11.7	639	215	64
HALS30_1	HALS	44.416667	-123.333333	300	10.6	18.1	3.8	14.3	1445	179	14.3	100.9	82	2267	2805	116	298	106	308	202	42	-16.7	38	13.9	869	425	65
HALS30_2	HALS	44.416667	-123.333333	300	10.6	18.1	3.8	14.3	1445	179	14.3	100.9	82	2267	2805	116	298	106	308	202	42	-16.7	38	13.9	869	425	65
HALS30_4	HALS	44.416667	-123.333333	300	10.6	18.1	3.8	14.3	1445	179	14.3	100.9	82	2267	2805	116	298	106	308	202	42	-16.7	38	13.9	869	425	65
HARB26_1	HARB	50.033333	-122.533333	213	7.2	17.7	-3.6	21.3	1062	241	16.2	73.6	424	1769	4008	92	209	138	276	139	268	-29.5	37.3	11.8	741	362	62
HARB26_2	HARB	50.033333	-122.533333	213	7.2	17.7	-3.6	21.3	1062	241	16.2	73.6	424	1769	4008	92	209	138	276	139	268	-29.5	37.3	11.8	741	362	62
HARB26_3	HARB	50.033333	-122.533333	213	7.2	17.7	-3.6	21.3	1062	241	16.2	73.6	424	1769	4008	92	209	138	276	139	268	-29.5	37.3	11.8	741	362	62
HARB26_4	HARB	50.033333	-122.533333	213	7.2	17.7	-3.6	21.3	1062	241	16.2	73.6	424	1769	4008	92	209	138	276	139	268	-29.5	37.3	11.8	741	362	62
HARB26_5	HARB	50.033333	-122.533333	213	7.2	17.7	-3.6	21.3	1062	241	16.2	73.6	424	1769	4008	92	209	138	276	139	268	-29.5	37.3	11.8	741	362	62
HARC26_1	HARC	49.766667	-122.216667	64	8.6	17.7	-0.1	17.9	1632	362	11.4	48.9	215	1878	3531	95	253	121	295	175	173	-23.3	36.5	10.5	693	183	69
HARC26_2	HARC	49.766667	-122.216667	64	8.6	17.7	-0.1	17.9	1632	362	11.4	48.9	215	1878	3531	95	253	121	295	175	173	-23.3	36.5	10.5	693	183	69
HARC26_3	HARC	49.766667	-122.216667	64	8.6	17.7	-0.1	17.9	1632	362	11.4	48.9	215	1878	3531	95	253	121	295	175	173	-23.3	36.5	10.5	693	183	69
HARC26_5	HARC	49.766667	-122.216667	64	8.6	17.7	-0.1	17.9	1632	362	11.4	48.9	215	1878	3531	95	253	121	295	175	173	-23.3	36.5	10.5	693	183	69
HAZH10_1	HAZH	55.216667	-127.666667	238	4.3	15.3	-8.5	23.8	583	253	24.5	60.3	844	1285	5013	32	174	148	265	117	193	-37.6	33.7	8.9	573	260	63
HAZH10_2	HAZH	55.216667	-127.666667	238	4.3	15.3	-8.5	23.8	583	253	24.5	60.3	844	1285	5013	32	174	148	265	117	193	-37.6	33.7	8.9	573	260	63
HAZH10_3	HAZH	55.216667	-127.666667	238	4.3	15.3	-8.5	23.8	583	253	24.5	60.3	844	1285	5013	32	174	148	265	117	193	-37.6	33.7	8.9	573	260	63
HAZH10_5	HAZH	55.216667	-127.666667	238	4.3	15.3	-8.5	23.8	583	253	24.5	60.3	844	1285	5013	32	174	148	265	117	193	-37.6	33.7	8.9	573	260	63
HIRD12_2	HIRD	54.066667	-128.45	335	4.8	14.5	-4.8	19.3	2350	496	6.3	29.3	560	1153	4801	28	190	146	276	130	826	-31.4	32.6	9.7	510	57	70
HIXN16_1	HIXN	53.4	-122.633333	518	4.4	16	-9.1	25.1	572	282	25.2	56.9	882	1383	4970	40	166	150	258	108	176	-39.7	34.8	11.1	636	271	58
HIXN16_5	HIXN	53.4	-122.633333	518	4.4	16	-9.1	25.1	572	282	25.2	56.9	882	1383	4970	40	166	150	258	108	176	-39.7	34.8	11.1	636	271	58
HOMA21_1	HOMA	50.933333	-124.85	46	8.2	16.5	0.5	15.9	1765	404	10.3	40.7	201	1707	3634	60	248	119	291	171	164	-23.2	35	-9999	668	131	68
HOMA21_2	HOMA	50.933333	-124.85	46	8.2	16.5	0.5	15.9	1765	404	10.3	40.7	201	1707	3634	60	248	119	291	171	164	-23.2	35	-9999	668	131	68
HOMA21_4	HOMA	50.933333	-124.85	46	8.2	16.5	0.5	15.9	1765	404	10.3	40.7	201	1707	3634	60	248	119	291	171	164	-23.2	35	-9999	668	131	68
HOMA21_5	HOMA	50.933333	-124.85	46	8.2	16.5	0.5	15.9	1765	404	10.3	40.7	201	1707	3634	60	248	119	291	171	164	-23.2	35	-9999	668	131	68
HOMB21_1	HOMB	50.95	-124.9	37	8.4	16.7	0.7	16	1728	392	10.6	42.6	191	1755	3568	66	259	111	295	184	149	-22.1	35.1	12	652	129	70
HOMB21_2	HOMB	50.95	-124.9	37	8.4	16.7	0.7	16	1728	392	10.6	42.6	191	1755	3568	66	259	111	295	184	149	-22.1	35.1	11.9	652	129	70
HOMB21_3	HOMB	50.95	-124.9	37	8.4	16.7	0.7	16	1728	392	10.6	42.6	191	1755	3568	66	259	111	295	184	149	-22.1	35.1	11.9	652	129	70
HOMB21_5	HOMB	50.95	-124.9	37	8.4	16.7	0.7	16	1728	392	10.6	42.6	191	1755	3568	66	259	111	295	184	149	-22.1	35.1	11.9	652	129	70
HOMC21_1	HOMC	51.233333	-124.95	88	6.5	15.8	-3.2	19	1391	282	11.8	56	414	1488	4226	42	178	150	265	115	344	-33.8	36.3	8.2	715	305	54
HOMC21_2	HOMC	51.233333	-124.95	88	6.5	15.8	-3.2	19	1391	282	11.8	56	414	1488	4226	42	178	150	265	115	344	-33.8	36.3	8.2	715	305	54
HOMC21_3	HOMC	51.233333	-124.95	88	6.5	15.8	-3.2	19	1391	282	11.8	56	414	1488	4226	42	178	150	265	115	344	-33.8	36.3	8.2	715	305	54
HOMD21_1	HOMD	51.283333	-124.833333	152	5.5	15.8	-5.8	21.6	934	194	16.6	81.6	615	1439	4555	41	159	159	255	96	334	-38.4	37	9.7	721	420	51
HOMD21_2	HOMD	51.283333	-124.833333	152	5.5	15.8	-5.8	21.6	934	194	16.6	81.6	615	1439	4555	41	159	159	255	96	334	-38.4	37	9.7	721	420	51
HOMD21_3	HOMD	51.283333	-124.833333	152	5.5	15.8	-5.8	21.6	934	194	16.6	81.6	615	1439	4555	41	159	159	255	96	334	-38.4	37	9.7	721	420	51
HOMD21_4	HOMD	51.283333	-124.833333	152	5.5	15.8	-5.8	21.6	934	194	16.6	81.6	615	1439	4555	41	159	159	255	96	334	-38.4	37	9.7	721	420	51
HOMD21_5	HOMD	51.283333	-124.833333	152	5.5	15.8	-5.8	21.6	934	194	16.6	81.6	615	1439	4555	41	159	159	255	96	334	-38.4	37	9.7	721	420	51
HOPF27_1	HOPF	49.433333	-121.433333	61	9	17.8	-0.1	17.9	1434	260	13.2	68.7	197	1989	3387	106	262	112	298	186	145	-23.3	36.1	11.8	694	255	70
HOPF27_2	HOPF	49.433333	-121.433333	61	9	17.8	-0.1	17.9	1434	260	13.2	68.7	197	1989	3387	106	262	112	298	186	145	-23.3	36.1	11.8	694	255	70
HOPF27_3	HOPF	49.433333	-121.433333	61	9	17.8	-0.1	17.9	1434	260	13.2	68.7	197	1989	3387	106	262	112	298	186	145	-23.3	36.1	11.8	694	255	70
HOPF27_4	HOPF	49.433333	-121.433333	61	9	17.8	-0.1	17.9	1434	260	13.2	68.7	197	1989	3387	106	262	112	298	186	145	-23.3	36.1	11.8	694	255	70
HOPF27_5	HOPF	49.433333	-121.433333	61	9	17.8	-0.1	17.9	1434	260	13.2	68.7	197	1989	3387	106	262	112	298	186	145	-23.3	36.1	11.8	694	255	70
HOPG27_1	HOPG	49.4	-121.55	500	6.7	15.5	-1.6	17.1	2129	471	7.9	32.8	316	1429	4128	36	222	131	284	153	395	-26.7	33.7	12.5	616	66	69
HOPG27_2	HOPG	49.4	-121.55	500	6.7	15.5	-1.6	17.1	2129	471	7.9	32.8	316	1429	4128	36	222	131	284	153	395	-26.7	33.7	12.5	616	66	69
HOPG27_3	HOPG	49.4	-121.55	500	6.7	15.5	-1.6	17.1	2129	471	7.9	32.8	316	1429	4128	36	222	131	284	153	395	-26.7	33.7	12.5	616	66	69
HOPG27_5	HOPG	49.4	-121.55	500	6.7	15.5	-1.6	17.1	2129	471	7.9	32.8	316	1429	4128	36	222	131	284	153	395	-26.7	33.7	12.5	616	66	69
HRSO27_1	HRSO	49.283333	-121.95	40	9.7	17.8	1.7	16.1	1785	361	11	49.2	137	2091	3140	109	284	102	305	204	100	-19.9	36	12.2	702	168	71
HRSO27_2	HRSO	49.283333	-121.95	40	9.7	17.8	1.7	16.1	1785	361	11	49.2	137	2091	3140	109	284	102	305	204	100	-19.9	36	12.2	702	168	71
HRSO27_4	HRSO	49.283333	-121.95	40	9.7	17.8	1.7	16.1	1785	361	11	49.2	137	2091	3140	109	284	102	305	204	100	-19.9	36	12.2	702	168	71
HRSO27_5	HRSO	49.283333	-121.95	40	9.7	17.8	1.7	16.1	1785	361	11	49.2	137	2091	3140	109	284	102	305	204	100	-19.9	36	12.2	702	168	71
HRSP27_1	HRSP	49.233333	-121.85	30	9.8	17.9	1.7	16.2	1634	369	12.1	48.4	133	2129	3094	116	284	102	305	203	84	-20	36.2	12.2	714	164	70
HRSP27_3	HRSP	49.233333	-121.85	30	9.8	17.9	1.7	16.2	1634	369	12.1	48.4	133	2129	3094	116	284	102	305	203	84	-20	36.2	12.2	714	164	70
HRSP27_4	HRSP	49.233333	-121.85	30	9.8	17.9	1.7	16.2	1634	369	12.1	48.4	133	2129	3094	116	284	102	305	203	84	-20	36.2	12.2	714	164	70
IRVC07_1	IRVC	56.733333	-129.733333	579	1.6	12.7	-10.4	23.1	867	325	13.3	39	1199	832	5983	15	135	173	251	79	422	-40.7	30.4	9.3	479	159	63
IRVC07_4	IRVC	56.733333	-129.733333	579	1.6	12.7	-10.4	23.1	867	325	13.3	39	1199	832	5983	15	135	173	251	79	422	-40.7	30.4	9.3	479	159	63
IRVC07_5	IRVC	56.733333	-129.733333	579	1.6	12.7	-10.4	23.1	867	325	13.3	39	1199	832	5983	15	135	173	251	79	422	-40.7	30.4	9.3	479	159	63
IRVC07_6	IRVC	56.733333	-129.733333	579	1.6	12.7	-10.4	23.1	867	325	13.3	39	1199	832	5983	15	135	173	251	79	422	-40.7	30.4	9.3	479	159	63
IRVD07_4	IRVD	56.85	-129.616667	677	1.1	12.3	-11.2	23.4	653	251	17	48.9	1289	774	6149	13	132	173	250	77	329	-42.1	30.2	9.5	462	207	63
ISKA06_1	ISKA	56.7	-131.15	73	4	14.2	-7.9	22.1	1479	432	9.4	32.9	783	1126	5113	27	188	136	273	137	587	-35	30.8	9	456	108	71
ISKA06_2	ISKA	56.7	-131.15	73	4	14.2	-7.9	22.1	1479	432	9.4	32.9	783	1126	5113	27	188	136	273	137	587	-35	30.8	9	456	108	71
ISKA06_4	ISKA	56.7	-131.15	73	4	14.2	-7.9	22.1	1479	432	9.4	32.9	783	1126	5113	27	188	136	273	137	587	-35	30.8	9	456	108	71
ISKA06_5	ISKA	56.7	-131.15	73	4	14.2	-7.9	22.1	1479	432	9.4	32.9	783	1126	5113	27	188	136	273	137	587	-35	30.8	9	456	108	71
ISKC06_1	ISKC	56.933333	-130.333333	317	2.6	13.8	-11.2	25	636	220	19.8	62.7	1119	1055	5601	19	159	161	262	102	295	-39.1	31.2	9.9	497	264	67
ISKC06_3	ISKC	56.933333	-130.333333	317	2.6	13.8	-11.2	25	636	220	19.8	62.7	1119	1055	5601	19	159	161	262	102	295	-39.1	31.2	9.9	497	264	67
ISKC06_5	ISKC	56.933333	-130.333333	317	2.6	13.8	-11.2	25	636	220	19.8	62.7	1119	1055	5601	19	159	161	262	102	295	-39.1	31.2	9.9	497	264	67
JASP30_1	JASP	44	-122.916667	150	11.4	18.8	4.4	14.4	1157	184	18.5	102.1	68	2489	2588	160	302	104	310	206	24	-16.2	39.6	13.3	944	469	62
JASP30_3	JASP	44	-122.916667	150	11.4	18.8	4.4	14.4	1157	184	18.5	102.1	68	2489	2588	160	302	104	310	206	24	-16.2	39.6	13.3	944	469	62
JASP30_4	JASP	44	-122.916667	150	11.4	18.8	4.4	14.4	1157	184	18.5	102.1	68	2489	2588	160	302	104	310	206	24	-16.2	39.6	13.3	944	469	62
JASP30_5	JASP	44	-122.916667	150	11.4	18.8	4.4	14.4	1157	184	18.5	102.1	68	2489	2588	160	302	104	310	206	24	-16.2	39.6	13.3	944	469	62
JEFF30_1	JEFF	44.733333	-123.083333	100	11.2	18.7	4.1	14.6	1085	180	19.5	104.1	74	2446	2642	157	300	102	307	205	25	-16.4	39	12.8	915	472	63
JEFF30_2	JEFF	44.733333	-123.083333	100	11.2	18.7	4.1	14.6	1085	180	19.5	104.1	74	2446	2642	157	300	102	307	205	25	-16.4	39	12.8	915	472	63
JEFF30_3	JEFF	44.733333	-123.083333	100	11.2	18.7	4.1	14.6	1085	180	19.5	104.1	74	2446	2642	157	300	102	307	205	25	-16.4	39	12.8	915	472	63
JEFF30_4	JEFF	44.733333	-123.083333	100	11.2	18.7	4.1	14.6	1085	180	19.5	104.1	74	2446	2642	157	300	102	307	205	25	-16.4	39	12.8	915	472	63
KIMB16_1	KIMB	52.933333	-121.166667	823	3.8	14.6	-8.5	23.1	711	344	19.5	42.6	861	1180	5162	25	156	159	255	96	236	-38.4	34	10.5	577	174	59
KIMB16_2	KIMB	52.933333	-121.166667	823	3.8	14.6	-8.5	23.1	711	344	19.5	42.6	861	1180	5162	25	156	159	255	96	236	-38.4	34	10.5	577	174	59
KIMB16_3	KIMB	52.933333	-121.166667	823	3.8	14.6	-8.5	23.1	711	344	19.5	42.6	861	1180	5162	25	156	159	255	96	236	-38.4	34	10.5	577	174	59
KIMB16_4	KIMB	52.933333	-121.166667	823	3.8	14.6	-8.5	23.1	711	344	19.5	42.6	861	1180	5162	25	156	159	255	96	236	-38.4	34	10.5	577	174	59
KIMB16_5	KIMB	52.933333	-121.166667	823	3.8	14.6	-8.5	23.1	711	344	19.5	42.6	861	1180	5162	25	156	159	255	96	236	-38.4	34	10.5	577	174	59
KIMB16_6	KIMB	52.933333	-121.166667	823	3.8	14.6	-8.5	23.1	711	344	19.5	42.6	861	1180	5162	25	156	159	255	96	236	-38.4	34	10.5	577	174	59
KLNA20_3	KLNA	51.116667	-125.583333	30	8.1	16	0.6	15.4	1851	474	9.8	33.8	198	1668	3656	53	262	109	296	187	157	-21.7	33.5	10.4	610	64	73
KLNA20_4	KLNA	51.116667	-125.583333	30	8.1	16	0.6	15.4	1851	474	9.8	33.8	198	1668	3656	53	262	109	296	187	157	-21.7	33.5	10.4	610	64	73
KLNA20_5	KLNA	51.116667	-125.583333	30	8.1	16	0.6	15.4	1851	474	9.8	33.8	198	1668	3656	53	262	109	296	187	157	-21.7	33.5	10.4	610	64	73
KLNC20_2	KLNC	51.533333	-125.55	427	5	15.4	-6.6	22	1133	252	13.2	61.1	713	1367	4765	34	158	158	253	95	454	-39.2	36.2	9	691	353	53
KLND20_1	KLND	51.566667	-125.5	427	5.3	15.8	-6.3	22.1	1050	220	14.6	72	677	1434	4646	41	163	155	255	100	415	-39.1	36.5	10.9	700	384	52
KLND20_2	KLND	51.566667	-125.5	427	5.3	15.8	-6.3	22.1	1050	220	14.6	72	677	1434	4646	41	163	155	255	100	415	-39.1	36.5	10.9	700	384	52
KLND20_3	KLND	51.566667	-125.5	427	5.3	15.8	-6.3	22.1	1050	220	14.6	72	677	1434	4646	41	163	155	255	100	415	-39.1	36.5	10.9	700	384	52
KLNE20_1	KLNE	51.733333	-125.566667	427	5	15.6	-7.2	22.8	1057	192	14.2	81.4	737	1414	4743	37	157	157	251	93	452	-39.9	36.7	11	707	411	52
KLNE20_2	KLNE	51.733333	-125.566667	427	5	15.6	-7.2	22.8	1057	192	14.2	81.4	737	1414	4743	37	157	157	251	93	452	-39.9	36.7	11	707	411	52
KLNE20_3	KLNE	51.733333	-125.566667	427	5	15.6	-7.2	22.8	1057	192	14.2	81.4	737	1414	4743	37	157	157	251	93	452	-39.9	36.7	11	707	411	52
KLNE20_4	KLNE	51.733333	-125.566667	427	5	15.6	-7.2	22.8	1057	192	14.2	81.4	737	1414	4743	37	157	157	251	93	452	-39.9	36.7	11	707	411	52
KLNE20_5	KLNE	51.733333	-125.566667	427	5	15.6	-7.2	22.8	1057	192	14.2	81.4	737	1414	4743	37	157	157	251	93	452	-39.9	36.7	11	707	411	52
KLNG20_3	KLNG	51.3	-125.766667	105	6.2	15	-2.9	17.9	1561	497	10.4	30.2	398	1380	4297	31	193	142	270	128	295	-31.5	34	10.5	640	88	61
KLNG20_4	KLNG	51.3	-125.766667	105	6.2	15	-2.9	17.9	1561	497	10.4	30.2	398	1380	4297	31	193	142	270	128	295	-31.5	34	10.5	640	88	61
KLNG20_6	KLNG	51.3	-125.766667	105	6.2	15	-2.9	17.9	1561	497	10.4	30.2	398	1380	4297	31	193	142	270	128	295	-31.5	34	10.5	640	88	61
KSPA09_3	KSPA	55.766667	-128.533333	518	3.1	13.9	-8.5	22.4	832	326	15.7	42.5	937	1019	5441	22	167	153	262	109	324	-37.4	31.5	10.2	473	137	69
KTMA12_1	KTMA	54.25	-128.516667	122	6	15.8	-4.1	20	1846	393	8.7	40.3	466	1411	4393	47	211	138	282	144	525	-29.8	33.8	10.4	547	138	71
KTMA12_3	KTMA	54.25	-128.516667	122	6	15.8	-4.1	20	1846	393	8.7	40.3	466	1411	4393	47	211	138	282	144	525	-29.8	33.8	10.4	547	138	71
KTMA12_4	KTMA	54.25	-128.516667	122	6	15.8	-4.1	20	1846	393	8.7	40.3	466	1411	4393	47	211	138	282	144	525	-29.8	33.8	10.4	547	138	71
KTMA12_5	KTMA	54.25	-128.516667	122	6	15.8	-4.1	20	1846	393	8.7	40.3	466	1411	4393	47	211	138	282	144	525	-29.8	33.8	10.4	547	138	71
KTMB12_1	KTMB	54.15	-128.583333	61	6.7	16.2	-3.4	19.6	1923	413	8.7	39.3	389	1528	4151	59	229	128	288	160	434	-27.9	33.7	10	539	118	73
KTMB12_5	KTMB	54.15	-128.583333	61	6.7	16.2	-3.4	19.6	1923	413	8.7	39.3	389	1528	4151	59	229	128	288	160	434	-27.9	33.7	10	539	118	73
KTMC12_1	KTMC	54.05	-128.683333	18	6.8	16.1	-3.2	19.3	2151	468	7.8	34.4	374	1529	4123	59	231	126	289	163	451	-27.6	33.4	10.3	535	86	73
KTMC12_2	KTMC	54.05	-128.683333	18	6.8	16.1	-3.2	19.3	2151	468	7.8	34.4	374	1529	4123	59	231	126	289	163	451	-27.6	33.4	10.3	535	86	73
KTMC12_3	KTMC	54.05	-128.683333	18	6.8	16.1	-3.2	19.3	2151	468	7.8	34.4	374	1529	4123	59	231	126	289	163	451	-27.6	33.4	10.3	535	86	73
KTMC12_5	KTMC	54.05	-128.683333	18	6.8	16.1	-3.2	19.3	2151	468	7.8	34.4	374	1529	4123	59	231	126	289	163	451	-27.6	33.4	10.3	535	86	73
KTSG10_5	KTSG	55.1	-127.916667	213	4.2	15.2	-8.2	23.4	658	239	21.6	63.9	830	1253	5031	31	176	147	266	119	234	-36.7	33.4	9.4	559	265	65
KTWF10_3	KTWF	55.083333	-128.183333	177	5	16.1	-7.3	23.3	689	212	21.8	75.9	723	1404	4742	44	185	145	270	125	215	-35.3	34.3	10	588	324	65
LAFY30_1	LAFY	45.2	-123.083333	100	11.2	18.9	4	15	1134	158	18.7	119.7	76	2454	2649	163	302	102	310	208	29	-16.2	39.6	12.7	911	495	63
LAFY30_2	LAFY	45.2	-123.083333	100	11.2	18.9	4	15	1134	158	18.7	119.7	76	2454	2649	163	302	102	310	208	29	-16.2	39.6	12.7	911	495	63
LAFY30_3	LAFY	45.2	-123.083333	100	11.2	18.9	4	15	1134	158	18.7	119.7	76	2454	2649	163	302	102	310	208	29	-16.2	39.6	12.7	911	495	63
LAFY30_5	LAFY	45.2	-123.083333	100	11.2	18.9	4	15	1134	158	18.7	119.7	76	2454	2649	163	302	102	310	208	29	-16.2	39.6	12.7	911	495	63
LILA26_3	LILA	50.616667	-123.383333	411	6.3	16.8	-4.8	21.6	746	167	21.8	100.6	542	1609	4317	66	187	145	268	123	250	-32.6	37.1	11	717	448	59
LILA26_4	LILA	50.616667	-123.383333	411	6.3	16.8	-4.8	21.6	746	167	21.8	100.6	542	1609	4317	66	187	145	268	123	250	-32.6	37.1	11	717	448	59
LILB26_1	LILB	50.55	-123.2	274	6	16.6	-5	21.5	791	184	20.2	90.1	559	1530	4415	55	186	145	268	122	270	-32.8	35.8	11.2	693	409	61
LILB26_2	LILB	50.55	-123.2	274	6	16.6	-5	21.5	791	184	20.2	90.1	559	1530	4415	55	186	145	268	122	270	-32.8	35.8	11.2	693	409	61
LILB26_3	LILB	50.55	-123.2	274	6	16.6	-5	21.5	791	184	20.2	90.1	559	1530	4415	55	186	145	268	122	270	-32.8	35.8	11.2	693	409	61
LILB26_5	LILB	50.55	-123.2	274	6	16.6	-5	21.5	791	184	20.2	90.1	559	1530	4415	55	186	145	268	122	270	-32.8	35.8	11.2	693	409	61
LILC26_1	LILC	50.5	-123	271	6.4	17.2	-5.2	22.4	914	185	18	93.1	549	1664	4275	74	197	137	270	133	318	-32.4	36.6	11.7	722	424	62
LILC26_2	LILC	50.5	-123	271	6.4	17.2	-5.2	22.4	914	185	18	93.1	549	1664	4275	74	197	137	270	133	318	-32.4	36.6	11.7	722	424	62
LILC26_3	LILC	50.5	-123	271	6.4	17.2	-5.2	22.4	914	185	18	93.1	549	1664	4275	74	197	137	270	133	318	-32.4	36.6	11.7	722	424	62
LILC26_4	LILC	50.5	-123	271	6.4	17.2	-5.2	22.4	914	185	18	93.1	549	1664	4275	74	197	137	270	133	318	-32.4	36.6	11.7	722	424	62
LILC26_5	LILC	50.5	-123	271	6.4	17.2	-5.2	22.4	914	185	18	93.1	549	1664	4275	74	197	137	270	133	318	-32.4	36.6	11.7	722	424	62
LILD26_3	LILD	50.3	-122.75	222	6.6	17.2	-4.5	21.7	886	205	18.7	83.7	506	1665	4217	74	199	140	272	132	263	-30.8	36.7	11.4	723	392	63
LILD26_4	LILD	50.3	-122.75	222	6.6	17.2	-4.5	21.7	886	205	18.7	83.7	506	1665	4217	74	199	140	272	132	263	-30.8	36.7	11.4	723	392	63
LNZK28_2	LNZK	49.233333	-124.066667	60	9.2	17	2.4	14.7	1066	197	18	86.4	129	1899	3281	75	287	103	305	202	58	-18.1	34.6	11.3	643	268	74
LNZK28_3	LNZK	49.233333	-124.066667	60	9.2	17	2.4	14.7	1066	197	18	86.4	129	1899	3281	75	287	103	305	202	58	-18.1	34.6	11.3	643	268	74
LNZK28_4	LNZK	49.233333	-124.066667	60	9.2	17	2.4	14.7	1066	197	18	86.4	129	1899	3281	75	287	103	305	202	58	-18.1	34.6	11.3	643	268	74
LNZK28_5	LNZK	49.233333	-124.066667	60	9.2	17	2.4	14.7	1066	197	18	86.4	129	1899	3281	75	287	103	305	202	58	-18.1	34.6	11.3	643	268	74
LONG29_1	LONG	46.083333	-123.916667	100	10.1	15.3	4.7	10.7	2125	354	9.4	43.3	68	1997	2932	42	313	90	318	228	45	-14.4	33.2	11.5	687	125	72
LONG29_2	LONG	46.083333	-123.916667	100	10.1	15.3	4.7	10.7	2125	354	9.4	43.3	68	1997	2932	42	313	90	318	228	45	-14.4	33.2	11.5	687	125	72
LONG29_4	LONG	46.083333	-123.916667	100	10.1	15.3	4.7	10.7	2125	354	9.4	43.3	68	1997	2932	42	313	90	318	228	45	-14.4	33.2	11.5	687	125	72
LONG29_5	LONG	46.083333	-123.916667	100	10.1	15.3	4.7	10.7	2125	354	9.4	43.3	68	1997	2932	42	313	90	318	228	45	-14.4	33.2	11.5	687	125	72
MCFA20_1	MCFA	51.316667	-126.233333	275	5.9	13.8	-1.8	15.7	2571	491	6.2	28.1	346	1175	4423	19	204	142	278	136	540	-28	31.8	9.2	572	24	68
MCFA20_2	MCFA	51.316667	-126.233333	275	5.9	13.8	-1.8	15.7	2571	491	6.2	28.1	346	1175	4423	19	204	142	278	136	540	-28	31.8	9.2	572	24	68
MCFA20_3	MCFA	51.316667	-126.233333	275	5.9	13.8	-1.8	15.7	2571	491	6.2	28.1	346	1175	4423	19	204	142	278	136	540	-28	31.8	9.2	572	24	68
MCFA20_4	MCFA	51.316667	-126.233333	275	5.9	13.8	-1.8	15.7	2571	491	6.2	28.1	346	1175	4423	19	204	142	278	136	540	-28	31.8	9.2	572	24	68
MCFA20_5	MCFA	51.316667	-126.233333	275	5.9	13.8	-1.8	15.7	2571	491	6.2	28.1	346	1175	4423	19	204	142	278	136	540	-28	31.8	9.2	572	24	68
MCFA20_6	MCFA	51.316667	-126.233333	275	5.9	13.8	-1.8	15.7	2571	491	6.2	28.1	346	1175	4423	19	204	142	278	136	540	-28	31.8	9.2	572	24	68
MCGR15_4	MCGR	54.183333	-122	579	3.7	15.4	-10.5	25.9	883	348	15.5	44.4	1011	1285	5232	31	164	151	257	106	361	-40.5	34.4	11	568	185	60
MCGR15_6	MCGR	54.183333	-122	579	3.7	15.4	-10.5	25.9	883	348	15.5	44.4	1011	1285	5232	31	164	151	257	106	361	-40.5	34.4	11	568	185	60
MCGR15_7	MCGR	54.183333	-122	579	3.7	15.4	-10.5	25.9	883	348	15.5	44.4	1011	1285	5232	31	164	151	257	106	361	-40.5	34.4	11	568	185	60
MCGR15_8	MCGR	54.183333	-122	579	3.7	15.4	-10.5	25.9	883	348	15.5	44.4	1011	1285	5232	31	164	151	257	106	361	-40.5	34.4	11	568	185	60
MCHA19_1	MCHA	51.633333	-126.683333	70	7.3	14.6	0.5	14.1	2414	474	7.2	30.8	208	1396	3920	27	250	124	293	168	252	-22.5	32.2	9.9	563	23	73
MCHA19_2	MCHA	51.633333	-126.683333	70	7.3	14.6	0.5	14.1	2414	474	7.2	30.8	208	1396	3920	27	250	124	293	168	252	-22.5	32.2	9.9	563	23	73
MCHA19_3	MCHA	51.633333	-126.683333	70	7.3	14.6	0.5	14.1	2414	474	7.2	30.8	208	1396	3920	27	250	124	293	168	252	-22.5	32.2	9.9	563	23	73
MCHA19_4	MCHA	51.633333	-126.683333	70	7.3	14.6	0.5	14.1	2414	474	7.2	30.8	208	1396	3920	27	250	124	293	168	252	-22.5	32.2	9.9	563	23	73
MCHA19_5	MCHA	51.633333	-126.683333	70	7.3	14.6	0.5	14.1	2414	474	7.2	30.8	208	1396	3920	27	250	124	293	168	252	-22.5	32.2	9.9	563	23	73
MCHB19_1	MCHB	51.616667	-126.583333	122	6.5	14.1	-0.8	14.9	2723	469	6.1	30	278	1264	4200	22	218	140	284	144	443	-26.2	31.7	8.3	575	50	68
MCHB19_2	MCHB	51.616667	-126.583333	122	6.5	14.1	-0.8	14.9	2723	469	6.1	30	278	1264	4200	22	218	140	284	144	443	-26.2	31.7	8.3	575	50	68
MCHB19_3	MCHB	51.616667	-126.583333	122	6.5	14.1	-0.8	14.9	2723	469	6.1	30	278	1264	4200	22	218	140	284	144	443	-26.2	31.7	8.3	575	50	68
MCHB19_4	MCHB	51.616667	-126.583333	122	6.5	14.1	-0.8	14.9	2723	469	6.1	30	278	1264	4200	22	218	140	284	144	443	-26.2	31.7	8.3	575	50	68
MCHB19_5	MCHB	51.616667	-126.583333	122	6.5	14.1	-0.8	14.9	2723	469	6.1	30	278	1264	4200	22	218	140	284	144	443	-26.2	31.7	8.3	575	50	68
MCMN27_3	MCMN	49.183333	-122.583333	15	9.8	17.4	2.3	15.2	1567	348	12.6	50.1	119	2073	3090	94	292	97	308	211	68	-18.5	35.6	11.4	684	158	72
MEMA28_1	MEMA	50.216667	-125.8	30	8.2	16.2	0.6	15.6	1630	319	11.2	50.8	195	1702	3619	55	261	119	293	174	155	-20.9	34.3	11	658	185	71
MEMA28_3	MEMA	50.216667	-125.8	30	8.2	16.2	0.6	15.6	1630	319	11.2	50.8	195	1702	3619	55	261	119	293	174	155	-20.9	34.3	11	658	185	71
MEMA28_4	MEMA	50.216667	-125.8	30	8.2	16.2	0.6	15.6	1630	319	11.2	50.8	195	1702	3619	55	261	119	293	174	155	-20.9	34.3	11	658	185	71
MEMA28_5	MEMA	50.216667	-125.8	30	8.2	16.2	0.6	15.6	1630	319	11.2	50.8	195	1702	3619	55	261	119	293	174	155	-20.9	34.3	11	658	185	71
MTSM27_2	MTSM	49.116667	-122.333333	8	10	17.6	2.5	15.1	1611	359	12.4	49	112	2133	3017	104	297	93	310	217	64	-18.2	35.9	11.7	697	158	72
MTSM27_3	MTSM	49.116667	-122.333333	8	10	17.6	2.5	15.1	1611	359	12.4	49	112	2133	3017	104	297	93	310	217	64	-18.2	35.9	11.7	697	158	72
MTSM27_5	MTSM	49.116667	-122.333333	8	10	17.6	2.5	15.1	1611	359	12.4	49	112	2133	3017	104	297	93	310	217	64	-18.2	35.9	11.7	697	158	72
NASC08_2	NASC	55.05	-129.5	24	5.6	14.5	-4.3	18.8	1714	426	9.1	34	467	1253	4529	35	212	133	282	149	451	-30.3	31.3	8.3	492	76	73
NASC08_5	NASC	55.05	-129.5	24	5.6	14.5	-4.3	18.8	1714	426	9.1	34	467	1253	4529	35	212	133	282	149	451	-30.3	31.3	8.3	492	76	73
NASD08_2	NASD	55.216667	-129.133333	58	6.3	15.9	-4.5	20.5	1055	282	15.4	56.4	489	1517	4307	59	215	132	282	151	295	-30.8	34.1	9.7	555	228	70
NASD08_4	NASD	55.216667	-129.133333	58	6.3	15.9	-4.5	20.5	1055	282	15.4	56.4	489	1517	4307	59	215	132	282	151	295	-30.8	34.1	9.7	555	228	70
NASD08_5	NASD	55.216667	-129.133333	58	6.3	15.9	-4.5	20.5	1055	282	15.4	56.4	489	1517	4307	59	215	132	282	151	295	-30.8	34.1	9.7	555	228	70
NASF08_2	NASF	55.566667	-128.783333	152	5.1	16	-6.6	22.6	703	260	21.5	61.7	675	1378	4708	46	188	143	269	126	214	-35.2	33.4	9.7	571	265	65
NASH08_1	NASH	55.716667	-128.816667	183	4.7	15.8	-6.9	22.7	661	295	22.2	53.7	735	1310	4868	40	183	145	266	122	193	-35.5	33.2	9.9	562	227	65
NASH08_4	NASH	55.716667	-128.816667	183	4.7	15.8	-6.9	22.7	661	295	22.2	53.7	735	1310	4868	40	183	145	266	122	193	-35.5	33.2	9.9	562	227	65
NASH08_5	NASH	55.716667	-128.816667	183	4.7	15.8	-6.9	22.7	661	295	22.2	53.7	735	1310	4868	40	183	145	266	122	193	-35.5	33.2	9.9	562	227	65
NBON29_1	NBON	45.583333	-122	300	8.5	16.7	0.6	16.2	2455	384	7.6	43.6	178	1796	3498	66	237	143	289	147	226	-23.4	36.5	13.7	825	220	62
NBON29_2	NBON	45.583333	-122	300	8.5	16.7	0.6	16.2	2455	384	7.6	43.6	178	1796	3498	66	237	143	289	147	226	-23.4	36.5	13.7	825	220	62
NHTA27_2	NHTA	50	-121.566667	213	8.3	19.5	-3.2	22.6	729	135	25.1	144.5	373	2076	3693	179	220	128	282	154	179	-29.6	39.1	10.2	792	506	61
NHTA27_3	NHTA	50	-121.566667	213	8.3	19.5	-3.2	22.6	729	135	25.1	144.5	373	2076	3693	179	220	128	282	154	179	-29.6	39.1	10.2	792	506	61
NHTB27_1	NHTB	49.966667	-121.816667	335	7.2	18	-3.5	21.5	1097	186	15.7	96.7	431	1763	4036	99	200	142	277	136	311	-30.4	37.9	10.1	739	395	60
NHTB27_2	NHTB	49.966667	-121.816667	335	7.2	18	-3.5	21.5	1097	186	15.7	96.7	431	1763	4036	99	200	142	277	136	311	-30.4	37.9	10.1	739	395	60
NHTB27_4	NHTB	49.966667	-121.816667	335	7.2	18	-3.5	21.5	1097	186	15.7	96.7	431	1763	4036	99	200	142	277	136	311	-30.4	37.9	10.1	739	395	60
NHTB27_5	NHTB	49.966667	-121.816667	335	7.2	18	-3.5	21.5	1097	186	15.7	96.7	431	1763	4036	99	200	142	277	136	311	-30.4	37.9	10.1	739	395	60
NKND03_2	NKND	58.933333	-133.183333	122	2.4	14.9	-12.5	27.3	434	173	28.5	86.2	1290	1161	5688	26	147	163	254	91	199	-41.1	33.8	10	526	320	59
NPLN30_3	NPLN	45.566667	-123	100	11.1	18.8	3.8	15.1	1054	169	20	111.5	79	2441	2670	162	303	99	312	213	28	-16.3	38.8	12.5	876	463	65
NPLN30_4	NPLN	45.566667	-123	100	11.1	18.8	3.8	15.1	1054	169	20	111.5	79	2441	2670	162	303	99	312	213	28	-16.3	38.8	12.5	876	463	65
PHLA22_1	PHLA	50.6	-125.316667	5	7.3	15.6	-0.1	15.7	2279	493	7.6	31.6	246	1486	3938	38	225	135	286	151	294	-25	33.9	12.1	634	88	67
PHLA22_2	PHLA	50.6	-125.316667	5	7.3	15.6	-0.1	15.7	2279	493	7.6	31.6	246	1486	3938	38	225	135	286	151	294	-25	33.9	12.1	634	88	67
PHLA22_3	PHLA	50.6	-125.316667	5	7.3	15.6	-0.1	15.7	2279	493	7.6	31.6	246	1486	3938	38	225	135	286	151	294	-25	33.9	12.1	634	88	67
PHLA22_4	PHLA	50.6	-125.316667	5	7.3	15.6	-0.1	15.7	2279	493	7.6	31.6	246	1486	3938	38	225	135	286	151	294	-25	33.9	12.1	634	88	67
PHLA22_5	PHLA	50.6	-125.316667	5	7.3	15.6	-0.1	15.7	2279	493	7.6	31.6	246	1486	3938	38	225	135	286	151	294	-25	33.9	12.1	634	88	67
PHLC22_1	PHLC	50.683333	-125.25	58	6.8	15.1	-0.7	15.8	2276	523	7.4	28.9	285	1380	4108	31	224	132	285	153	347	-25.4	33.2	10.9	599	68	69
PHLC22_2	PHLC	50.683333	-125.25	58	6.8	15.1	-0.7	15.8	2276	523	7.4	28.9	285	1380	4108	31	224	132	285	153	347	-25.4	33.2	10.9	599	68	69
PHLC22_3	PHLC	50.683333	-125.25	58	6.8	15.1	-0.7	15.8	2276	523	7.4	28.9	285	1380	4108	31	224	132	285	153	347	-25.4	33.2	10.9	599	68	69
PHLC22_4	PHLC	50.683333	-125.25	58	6.8	15.1	-0.7	15.8	2276	523	7.4	28.9	285	1380	4108	31	224	132	285	153	347	-25.4	33.2	10.9	599	68	69
PHLC22_5	PHLC	50.683333	-125.25	58	6.8	15.1	-0.7	15.8	2276	523	7.4	28.9	285	1380	4108	31	224	132	285	153	347	-25.4	33.2	10.9	599	68	69
PITS29_1	PITS	45.833333	-123.116667	900	7.8	15.9	-0.4	16.3	2531	273	7	58.2	219	1630	3732	44	272	120	300	180	340	-19.6	34.9	12.7	679	238	75
QAUS16_1	QAUS	52.716667	-122.466667	442	5.4	17.3	-8.7	26	474	236	32.4	73.4	799	1611	4659	71	178	142	263	121	140	-38.4	36.2	10.9	682	374	58
QAUS16_3	QAUS	52.716667	-122.466667	442	5.4	17.3	-8.7	26	474	236	32.4	73.4	799	1611	4659	71	178	142	263	121	140	-38.4	36.2	10.9	682	374	58
QAUS16_4	QAUS	52.716667	-122.466667	442	5.4	17.3	-8.7	26	474	236	32.4	73.4	799	1611	4659	71	178	142	263	121	140	-38.4	36.2	10.9	682	374	58
QAUS16_7	QAUS	52.716667	-122.466667	442	5.4	17.3	-8.7	26	474	236	32.4	73.4	799	1611	4659	71	178	142	263	121	140	-38.4	36.2	10.9	682	374	58
QBKR16_3	QBKR	52.95	-122.866667	823	3	14.5	-9.8	24.3	547	275	23.8	52.7	1038	1114	5453	20	149	160	252	91	199	-41.9	33.1	10.6	557	236	58
QBKR16_4	QBKR	52.95	-122.866667	823	3	14.5	-9.8	24.3	547	275	23.8	52.7	1038	1114	5453	20	149	160	252	91	199	-41.9	33.1	10.6	557	236	58
QBKR16_5	QBKR	52.95	-122.866667	823	3	14.5	-9.8	24.3	547	275	23.8	52.7	1038	1114	5453	20	149	160	252	91	199	-41.9	33.1	10.6	557	236	58
QCTN16_1	QCTN	53.033333	-122.15	823	3.6	14.9	-9	23.9	612	285	22.2	52.2	929	1177	5249	24	161	152	257	105	224	-39.1	33.2	11.2	554	217	61
QCTN16_3	QCTN	53.033333	-122.15	823	3.6	14.9	-9	23.9	612	285	22.2	52.2	929	1177	5249	24	161	152	257	105	224	-39.1	33.2	11.2	554	217	61
QCTN16_4	QCTN	53.033333	-122.15	823	3.6	14.9	-9	23.9	612	285	22.2	52.2	929	1177	5249	24	161	152	257	105	224	-39.1	33.2	11.2	554	217	61
QFRS16_1	QFRS	53.066667	-122.516667	472	4.9	16.6	-8.8	25.4	520	253	28.7	65.8	823	1495	4794	53	173	146	261	116	159	-38.8	35.3	11.1	655	327	58
QFRS16_2	QFRS	53.066667	-122.516667	472	4.9	16.6	-8.8	25.4	520	253	28.7	65.8	823	1495	4794	53	173	146	261	116	159	-38.8	35.3	11.1	655	327	58
QFRS16_3	QFRS	53.066667	-122.516667	472	4.9	16.6	-8.8	25.4	520	253	28.7	65.8	823	1495	4794	53	173	146	261	116	159	-38.8	35.3	11.1	655	327	58
QFRS16_4	QFRS	53.066667	-122.516667	472	4.9	16.6	-8.8	25.4	520	253	28.7	65.8	823	1495	4794	53	173	146	261	116	159	-38.8	35.3	11.1	655	327	58
QFRS16_5	QFRS	53.066667	-122.516667	472	4.9	16.6	-8.8	25.4	520	253	28.7	65.8	823	1495	4794	53	173	146	261	116	159	-38.8	35.3	11.1	655	327	58
QLKE16_1	QLKE	52.966667	-122.316667	488	4.7	16.5	-9	25.5	534	255	27.6	64.4	855	1458	4865	49	168	149	259	111	171	-39.1	35.3	11.2	655	324	58
QLKE16_2	QLKE	52.966667	-122.316667	488	4.7	16.5	-9	25.5	534	255	27.6	64.4	855	1458	4865	49	168	149	259	111	171	-39.1	35.3	11.2	655	324	58
QLKE16_3	QLKE	52.966667	-122.316667	488	4.7	16.5	-9	25.5	534	255	27.6	64.4	855	1458	4865	49	168	149	259	111	171	-39.1	35.3	11.2	655	324	58
QLKE16_4	QLKE	52.966667	-122.316667	488	4.7	16.5	-9	25.5	534	255	27.6	64.4	855	1458	4865	49	168	149	259	111	171	-39.1	35.3	11.2	655	324	58
SHEL15_1	SHEL	54.033333	-122.6	564	3.9	15.5	-9.8	25.2	711	283	19.6	54.7	952	1306	5134	33	168	146	258	112	278	-40	34	11.2	565	234	60
SHEL15_2	SHEL	54.033333	-122.6	564	3.9	15.5	-9.8	25.2	711	283	19.6	54.7	952	1306	5134	33	168	146	258	112	278	-40	34	11.2	565	234	60
SHEL15_3	SHEL	54.033333	-122.6	564	3.9	15.5	-9.8	25.2	711	283	19.6	54.7	952	1306	5134	33	168	146	258	112	278	-40	34	11.2	565	234	60
SHEL15_4	SHEL	54.033333	-122.6	564	3.9	15.5	-9.8	25.2	711	283	19.6	54.7	952	1306	5134	33	168	146	258	112	278	-40	34	11.2	565	234	60
SHEL15_5	SHEL	54.033333	-122.6	564	3.9	15.5	-9.8	25.2	711	283	19.6	54.7	952	1306	5134	33	168	146	258	112	278	-40	34	11.2	565	234	60
SHEL15_6	SHEL	54.033333	-122.6	564	3.9	15.5	-9.8	25.2	711	283	19.6	54.7	952	1306	5134	33	168	146	258	112	278	-40	34	11.2	565	234	60
SKNB10_1	SKNB	54.683333	-128.383333	122	5.4	15.8	-5.8	21.6	1036	248	14.9	63.8	608	1390	4612	44	192	147	275	128	349	-32.9	34.1	9.7	581	269	66
SKNB10_2	SKNB	54.683333	-128.383333	122	5.4	15.8	-5.8	21.6	1036	248	14.9	63.8	608	1390	4612	44	192	147	275	128	349	-32.9	34.1	9.7	581	269	66
SKNC10_1	SKNC	54.766667	-128.266667	122	5.4	16	-6.1	22	1001	222	15.3	71.8	627	1400	4625	45	194	144	274	130	329	-33.2	33.8	9.4	574	287	67
SKNC10_2	SKNC	54.766667	-128.266667	122	5.4	16	-6.1	22	1001	222	15.3	71.8	627	1400	4625	45	194	144	274	130	329	-33.2	33.8	9.4	574	287	67
SKNC10_4	SKNC	54.766667	-128.266667	122	5.4	16	-6.1	22	1001	222	15.3	71.8	627	1400	4625	45	194	144	274	130	329	-33.2	33.8	9.4	574	287	67
SKND10_2	SKND	54.85	-128.333333	140	5.3	16	-6.3	22.3	919	214	16.6	74.7	648	1406	4647	45	189	147	272	125	296	-33.9	34.2	10	589	313	65
SKNL10_1	SKNL	54.45	-128.75	61	6.6	16.4	-3.8	20.2	1292	306	12.9	53.8	417	1542	4186	63	227	128	287	159	304	-28.6	34.2	10.2	545	188	73
SKNL10_3	SKNL	54.45	-128.75	61	6.6	16.4	-3.8	20.2	1292	306	12.9	53.8	417	1542	4186	63	227	128	287	159	304	-28.6	34.2	10.2	545	188	73
SKNL10_4	SKNL	54.45	-128.75	61	6.6	16.4	-3.8	20.2	1292	306	12.9	53.8	417	1542	4186	63	227	128	287	159	304	-28.6	34.2	10.2	545	188	73
SKNM10_1	SKNM	54.4	-128.983333	43	6.3	16.2	-4	20.2	1586	361	10.3	45	443	1475	4296	54	212	137	283	145	412	-29.7	34.7	9	566	174	69
SKNM10_2	SKNM	54.4	-128.983333	43	6.3	16.2	-4	20.2	1586	361	10.3	45	443	1475	4296	54	212	137	283	145	412	-29.7	34.7	9	566	174	69
SKNM10_3	SKNM	54.4	-128.983333	43	6.3	16.2	-4	20.2	1586	361	10.3	45	443	1475	4296	54	212	137	283	145	412	-29.7	34.7	9	566	174	69
SKNN10_2	SKNN	54.283333	-129.366667	30	6.3	15.7	-3.6	19.3	2216	539	7.4	29.2	412	1435	4285	47	221	133	286	154	513	-28.4	33.4	9.3	531	54	72
SKNN10_3	SKNN	54.283333	-129.366667	30	6.3	15.7	-3.6	19.3	2216	539	7.4	29.2	412	1435	4285	47	221	133	286	154	513	-28.4	33.4	9.3	531	54	72
SKNN10_4	SKNN	54.283333	-129.366667	30	6.3	15.7	-3.6	19.3	2216	539	7.4	29.2	412	1435	4285	47	221	133	286	154	513	-28.4	33.4	9.3	531	54	72
SKNN10_5	SKNN	54.283333	-129.366667	30	6.3	15.7	-3.6	19.3	2216	539	7.4	29.2	412	1435	4285	47	221	133	286	154	513	-28.4	33.4	9.3	531	54	72
SKNO10_2	SKNO	54.216667	-129.533333	21	5.9	15.4	-3.7	19.1	3176	727	5	21.2	442	1330	4428	37	206	139	282	144	804	-29.6	33.6	9.1	531	3	70
SKNO10_3	SKNO	54.216667	-129.533333	21	5.9	15.4	-3.7	19.1	3176	727	5	21.2	442	1330	4428	37	206	139	282	144	804	-29.6	33.6	9.1	531	3	70
SKNO10_4	SKNO	54.216667	-129.533333	21	5.9	15.4	-3.7	19.1	3176	727	5	21.2	442	1330	4428	37	206	139	282	144	804	-29.6	33.6	9.1	531	3	70
SKNP10_11	SKNP	54.55	-128.466667	61	5.8	15.8	-4.6	20.4	1255	306	12.6	51.6	505	1397	4463	46	208	137	281	144	370	-30.6	33.9	8.9	550	190	70
SKNP10_2	SKNP	54.55	-128.466667	61	5.8	15.8	-4.6	20.4	1255	306	12.6	51.6	505	1397	4463	46	208	137	281	144	370	-30.6	33.9	8.9	550	190	70
SKNP10_3	SKNP	54.55	-128.466667	61	5.8	15.8	-4.6	20.4	1255	306	12.6	51.6	505	1397	4463	46	208	137	281	144	370	-30.6	33.9	8.9	550	190	70
SKNP10_4	SKNP	54.55	-128.466667	61	5.8	15.8	-4.6	20.4	1255	306	12.6	51.6	505	1397	4463	46	208	137	281	144	370	-30.6	33.9	8.9	550	190	70
SKNP10_8	SKNP	54.55	-128.466667	61	5.8	15.8	-4.6	20.4	1255	306	12.6	51.6	505	1397	4463	46	208	137	281	144	370	-30.6	33.9	8.9	550	190	70
SKNP10_9	SKNP	54.55	-128.466667	61	5.8	15.8	-4.6	20.4	1255	306	12.6	51.6	505	1397	4463	46	208	137	281	144	370	-30.6	33.9	8.9	550	190	70
SKNQ10_3	SKNQ	54.583333	-128.416667	61	6	16.1	-4.6	20.7	1159	285	13.8	56.5	496	1455	4391	52	213	134	282	148	328	-30.3	34.1	8.8	554	205	71
SKNR10_1	SKNR	54.683333	-128.35	244	5.1	15.4	-6	21.4	1105	260	13.6	59.2	632	1315	4716	39	192	145	275	130	393	-32.9	33.3	9.8	551	234	69
SKWA24_2	SKWA	50.216667	-123.983333	61	8.1	17	0.2	16.8	2405	534	7.5	31.9	215	1731	3655	70	244	126	291	165	246	-23.3	35.4	11.1	683	63	68
SKWA24_3	SKWA	50.216667	-123.983333	61	8.1	17	0.2	16.8	2405	534	7.5	31.9	215	1731	3655	70	244	126	291	165	246	-23.3	35.4	11.1	683	63	68
SKWA24_4	SKWA	50.216667	-123.983333	61	8.1	17	0.2	16.8	2405	534	7.5	31.9	215	1731	3655	70	244	126	291	165	246	-23.3	35.4	11.1	683	63	68
SKWB24_2	SKWB	50.233333	-124	115	7.8	16.8	-0.2	17	2388	529	7.5	31.7	239	1665	3766	62	228	135	286	151	286	-25	35.5	9.4	685	75	65
SKWB24_3	SKWB	50.233333	-124	115	7.8	16.8	-0.2	17	2388	529	7.5	31.7	239	1665	3766	62	228	135	286	151	286	-25	35.5	9.4	685	75	65
SKWB24_4	SKWB	50.233333	-124	115	7.8	16.8	-0.2	17	2388	529	7.5	31.7	239	1665	3766	62	228	135	286	151	286	-25	35.5	9.4	685	75	65
SKWC24_1	SKWC	50.25	-124	152	7.4	16.6	-0.7	17.3	2384	529	7.3	31.4	271	1599	3890	56	208	145	281	136	342	-27	35.8	8.3	712	90	61
SKWC24_3	SKWC	50.25	-124	152	7.4	16.6	-0.7	17.3	2384	529	7.3	31.4	271	1599	3890	56	208	145	281	136	342	-27	35.8	8.3	712	90	61
SKWC24_4	SKWC	50.25	-124	152	7.4	16.6	-0.7	17.3	2384	529	7.3	31.4	271	1599	3890	56	208	145	281	136	342	-27	35.8	8.3	712	90	61
SKWD24_1	SKWD	50.25	-124.016667	323	7	16.1	-1	17	2538	555	6.7	29	290	1498	4024	45	216	140	283	143	405	-26.3	34.7	9.7	658	51	66
SKWD24_3	SKWD	50.25	-124.016667	323	7	16.1	-1	17	2538	555	6.7	29	290	1498	4024	45	216	140	283	143	405	-26.3	34.7	9.7	658	51	66
SKWD24_5	SKWD	50.25	-124.016667	323	7	16.1	-1	17	2538	555	6.7	29	290	1498	4024	45	216	140	283	143	405	-26.3	34.7	9.7	658	51	66
SKWE24_1	SKWE	50.216667	-123.95	231	7.7	16.6	-0.2	16.9	2520	563	7	29.5	243	1631	3804	57	236	129	289	159	310	-24.2	34.9	10.9	650	40	68
SKWE24_3	SKWE	50.216667	-123.95	231	7.7	16.6	-0.2	16.9	2520	563	7	29.5	243	1631	3804	57	236	129	289	159	310	-24.2	34.9	10.9	650	40	68
SKWE24_4	SKWE	50.216667	-123.95	231	7.7	16.6	-0.2	16.9	2520	563	7	29.5	243	1631	3804	57	236	129	289	159	310	-24.2	34.9	10.9	650	40	68
SKWE24_5	SKWE	50.216667	-123.95	231	7.7	16.6	-0.2	16.9	2520	563	7	29.5	243	1631	3804	57	236	129	289	159	310	-24.2	34.9	10.9	650	40	68
SKWF24_2	SKWF	50.25	-123.933333	244	7.2	16.4	-1.1	17.5	2603	585	6.6	28	295	1550	3987	52	212	142	282	140	418	-26.8	35.4	9.6	683	47	64
SKWF24_3	SKWF	50.25	-123.933333	244	7.2	16.4	-1.1	17.5	2603	585	6.6	28	295	1550	3987	52	212	142	282	140	418	-26.8	35.4	9.6	683	47	64
SKWF24_5	SKWF	50.25	-123.933333	244	7.2	16.4	-1.1	17.5	2603	585	6.6	28	295	1550	3987	52	212	142	282	140	418	-26.8	35.4	9.6	683	47	64
SLMB28_1	SLMB	50.216667	-125.816667	30	8	16	0.5	15.5	1643	324	11	49.4	203	1656	3678	50	254	124	292	168	165	-21.5	34.1	10.9	660	180	70
SLMB28_3	SLMB	50.216667	-125.816667	30	8	16	0.5	15.5	1643	324	11	49.4	203	1656	3678	50	254	124	292	168	165	-21.5	34.1	10.9	660	180	70
SLMB28_4	SLMB	50.216667	-125.816667	30	8	16	0.5	15.5	1643	324	11	49.4	203	1656	3678	50	254	124	292	168	165	-21.5	34.1	10.9	660	180	70
SLMC28_1	SLMC	50.266667	-125.833333	30	8.1	15.9	0.9	15	1672	343	10.8	46.3	191	1657	3647	49	257	121	293	172	151	-21.2	33.9	10.2	653	164	71
SLMC28_2	SLMC	50.266667	-125.833333	30	8.1	15.9	0.9	15	1672	343	10.8	46.3	191	1657	3647	49	257	121	293	172	151	-21.2	33.9	10.2	653	164	71
SLMC28_3	SLMC	50.266667	-125.833333	30	8.1	15.9	0.9	15	1672	343	10.8	46.3	191	1657	3647	49	257	121	293	172	151	-21.2	33.9	10.2	653	164	71
SLMD28_1	SLMD	50.283333	-125.866667	30	8.3	16	1.1	14.8	1674	350	10.9	45.6	178	1690	3585	50	268	114	296	182	135	-20.2	33.5	9.6	638	149	72
SLMD28_3	SLMD	50.283333	-125.866667	30	8.3	16	1.1	14.8	1674	350	10.9	45.6	178	1690	3585	50	268	114	296	182	135	-20.2	33.5	9.6	638	149	72
SLMD28_5	SLMD	50.283333	-125.866667	30	8.3	16	1.1	14.8	1674	350	10.9	45.6	178	1690	3585	50	268	114	296	182	135	-20.2	33.5	9.6	638	149	72
SQMA25_1	SQMA	49.866667	-123.233333	61	8.3	17	-0.1	17.1	2219	379	8.3	44.8	216	1800	3586	74	249	122	291	170	248	-23.6	35.6	11.3	685	163	68
SQMA25_4	SQMA	49.866667	-123.233333	61	8.3	17	-0.1	17.1	2219	379	8.3	44.8	216	1800	3586	74	249	122	291	170	248	-23.6	35.6	11.3	685	163	68
SQMA25_5	SQMA	49.866667	-123.233333	61	8.3	17	-0.1	17.1	2219	379	8.3	44.8	216	1800	3586	74	249	122	291	170	248	-23.6	35.6	11.3	685	163	68
SQMB25_3	SQMB	49.95	-123.3	76	8.1	17.1	-0.6	17.7	2192	373	8.2	45.8	246	1768	3688	77	232	131	286	155	296	-25.3	36.2	12.3	711	193	65
SQMB25_4	SQMB	49.95	-123.3	76	8.1	17.1	-0.6	17.7	2192	373	8.2	45.8	246	1768	3688	77	232	131	286	155	296	-25.3	36.2	12.3	711	193	65
SQMC25_1	SQMC	50.1	-123.366667	177	7.2	16.6	-1.6	18.2	1546	355	11.1	46.9	318	1599	3989	61	210	142	280	138	278	-27	35.8	9.9	704	222	63
SQMC25_2	SQMC	50.1	-123.366667	177	7.2	16.6	-1.6	18.2	1546	355	11.1	46.9	318	1599	3989	61	210	142	280	138	278	-27	35.8	9.9	704	222	63
SQMC25_4	SQMC	50.1	-123.366667	177	7.2	16.6	-1.6	18.2	1546	355	11.1	46.9	318	1599	3989	61	210	142	280	138	278	-27	35.8	9.9	704	222	63
SQMC25_5	SQMC	50.1	-123.366667	177	7.2	16.6	-1.6	18.2	1546	355	11.1	46.9	318	1599	3989	61	210	142	280	138	278	-27	35.8	9.9	704	222	63
STEL14_1	STEL	54.033333	-124.916667	701	2.7	14.3	-10.9	25.3	523	234	24.2	61.2	1120	1086	5581	18	150	161	253	92	212	-42.1	33.3	10.8	540	264	59
STHA21_2	STHA	50.816667	-124.483333	239	6.1	15	-2.2	17.2	1745	414	9.2	36.2	382	1307	4364	29	186	149	270	121	405	-30.4	34.4	8.7	645	148	60
STHA21_3	STHA	50.816667	-124.483333	239	6.1	15	-2.2	17.2	1745	414	9.2	36.2	382	1307	4364	29	186	149	270	121	405	-30.4	34.4	8.7	645	148	60
STHA21_4	STHA	50.816667	-124.483333	239	6.1	15	-2.2	17.2	1745	414	9.2	36.2	382	1307	4364	29	186	149	270	121	405	-30.4	34.4	8.7	645	148	60
STHA21_5	STHA	50.816667	-124.483333	239	6.1	15	-2.2	17.2	1745	414	9.2	36.2	382	1307	4364	29	186	149	270	121	405	-30.4	34.4	8.7	645	148	60
STHB21_2	STHB	50.883333	-124.733333	91	6.9	15.6	-1	16.6	1716	411	9.8	37.8	294	1441	4079	37	205	141	278	137	278	-28	34.7	11.3	662	133	62
STHB21_3	STHB	50.883333	-124.733333	91	6.9	15.6	-1	16.6	1716	411	9.8	37.8	294	1441	4079	37	205	141	278	137	278	-28	34.7	11.3	662	133	62
STHB21_4	STHB	50.883333	-124.733333	91	6.9	15.6	-1	16.6	1716	411	9.8	37.8	294	1441	4079	37	205	141	278	137	278	-28	34.7	11.3	662	133	62
STHB21_5	STHB	50.883333	-124.733333	91	6.9	15.6	-1	16.6	1716	411	9.8	37.8	294	1441	4079	37	205	141	278	137	278	-28	34.7	11.3	662	133	62
STKB05_3	STKB	56.66	-131.783333	31	4.2	13.9	-6.8	20.7	1690	539	8.4	25.8	689	1096	5021	28	204	126	279	153	558	-32.7	29.9	9.4	427	46	77
STKD05_1	STKD	57.333333	-131.783333	49	3.6	14.2	-8.9	23.1	1142	398	11.9	35.7	867	1096	5261	25	182	138	270	131	461	-35.9	30.6	10.2	454	122	71
STKD05_3	STKD	57.333333	-131.783333	49	3.6	14.2	-8.9	23.1	1142	398	11.9	35.7	867	1096	5261	25	182	138	270	131	461	-35.9	30.6	10.2	454	122	71
STKE05_3	STKE	57.516667	-131.783333	61	2.9	14	-10.2	24.2	920	330	14.1	42.4	1021	1055	5487	20	161	155	262	107	392	-38.9	31.2	10.9	484	186	64
STKF05_1	STKF	57.65	-131.566667	85	2.7	14.7	-11.8	26.4	690	233	18.4	63	1175	1137	5573	23	154	160	258	99	321	-40.6	32.9	9.3	520	279	62
STKG04_4	STKG	57.95	-129.666667	732	0.3	12.6	-14.1	26.7	395	221	26	57	1568	803	6447	11	122	176	242	66	160	-45.7	31.4	10	475	227	58
TAKA03_2	TAKA	58.6	-133.566667	31	2.9	12.5	-8.7	21.2	1184	363	10.9	34.4	912	917	5504	24	168	149	265	116	530	-36.8	29.6	8.9	418	90	69
TAKA03_3	TAKA	58.6	-133.566667	31	2.9	12.5	-8.7	21.2	1184	363	10.9	34.4	912	917	5504	24	168	149	265	116	530	-36.8	29.6	8.9	418	90	69
TAKB03_3	TAKB	58.7	-133.4	49	2	12	-9.8	21.9	782	221	15.4	54.5	1080	830	5811	21	154	158	259	101	409	-38.7	29.5	8.4	419	180	67
TAKB03_4	TAKB	58.7	-133.4	49	2	12	-9.8	21.9	782	221	15.4	54.5	1080	830	5811	21	154	158	259	101	409	-38.7	29.5	8.4	419	180	67
TAKB03_5	TAKB	58.7	-133.4	49	2	12	-9.8	21.9	782	221	15.4	54.5	1080	830	5811	21	154	158	259	101	409	-38.7	29.5	8.4	419	180	67
TATB01_4	TATB	59.433333	-137.833333	34	3.3	12.6	-6	18.6	2024	676	6.6	18.7	733	882	5334	28	172	149	266	118	769	-34.5	29.1	10.3	384	0	70
TATB01_7	TATB	59.433333	-137.833333	34	3.3	12.6	-6	18.6	2024	676	6.6	18.7	733	882	5334	28	172	149	266	118	769	-34.5	29.1	10.3	384	0	70
TLKH11_1	TLKH	54.666667	-127.116667	567	3.1	13.9	-9.4	23.4	478	202	27.5	69.1	975	1062	5421	18	157	155	254	99	185	-40	32.5	10.5	523	277	62
TLKH11_5	TLKH	54.666667	-127.116667	567	3.1	13.9	-9.4	23.4	478	202	27.5	69.1	975	1062	5421	18	157	155	254	99	185	-40	32.5	10.5	523	277	62
TNZA04_1	TNZA	58.3	-130.466667	567	0.3	13.2	-14.5	27.8	375	186	27.4	71.2	1638	870	6438	10	123	176	243	67	165	-46.2	32.1	9.4	487	273	57
TNZA04_3	TNZA	58.3	-130.466667	567	0.3	13.2	-14.5	27.8	375	186	27.4	71.2	1638	870	6438	10	123	176	243	67	165	-46.2	32.1	9.4	487	273	57
TOBA23_2	TOBA	50.516667	-124.233333	67	6.9	15.8	-1.1	16.9	2144	492	7.9	32.2	300	1474	4070	43	205	142	277	135	361	-27.3	35	12.1	684	111	62
TOBA23_3	TOBA	50.516667	-124.233333	67	6.9	15.8	-1.1	16.9	2144	492	7.9	32.2	300	1474	4070	43	205	142	277	135	361	-27.3	35	12.1	684	111	62
TOBA23_4	TOBA	50.516667	-124.233333	67	6.9	15.8	-1.1	16.9	2144	492	7.9	32.2	300	1474	4070	43	205	142	277	135	361	-27.3	35	12.1	684	111	62
TOBA23_5	TOBA	50.516667	-124.233333	67	6.9	15.8	-1.1	16.9	2144	492	7.9	32.2	300	1474	4070	43	205	142	277	135	361	-27.3	35	12.1	684	111	62
TOBB23_2	TOBB	50.566667	-124.083333	73	7.4	16.4	-1	17.5	1761	459	9.9	35.8	277	1611	3890	57	215	135	278	143	253	-26.8	35.7	11.9	708	158	62
TOBB23_3	TOBB	50.566667	-124.083333	73	7.4	16.4	-1	17.5	1761	459	9.9	35.8	277	1611	3890	57	215	135	278	143	253	-26.8	35.7	11.9	708	158	62
TOBB23_4	TOBB	50.566667	-124.083333	73	7.4	16.4	-1	17.5	1761	459	9.9	35.8	277	1611	3890	57	215	135	278	143	253	-26.8	35.7	11.9	708	158	62
TOBB23_5	TOBB	50.566667	-124.083333	73	7.4	16.4	-1	17.5	1761	459	9.9	35.8	277	1611	3890	57	215	135	278	143	253	-26.8	35.7	11.9	708	158	62
TRTB07_5	TRTB	56.566667	-129.816667	640	1.5	12.4	-10.4	22.8	942	323	12.2	38.5	1186	799	6008	15	136	172	253	80	491	-40.5	30.1	10.7	468	150	64
TRTB07_6	TRTB	56.566667	-129.816667	640	1.5	12.4	-10.4	22.8	942	323	12.2	38.5	1186	799	6008	15	136	172	253	80	491	-40.5	30.1	10.7	468	150	64
TRTB07_7	TRTB	56.566667	-129.816667	640	1.5	12.4	-10.4	22.8	942	323	12.2	38.5	1186	799	6008	15	136	172	253	80	491	-40.5	30.1	10.7	468	150	64
VNDL27_3	VNDL	49.15	-122.1	20	10	17.8	2.2	15.6	1603	372	12.5	47.9	119	2163	3021	117	294	93	309	216	68	-18.7	35.9	12.1	698	150	72
VNDL27_5	VNDL	49.15	-122.1	20	10	17.8	2.2	15.6	1603	372	12.5	47.9	119	2163	3021	117	294	93	309	216	68	-18.7	35.9	12.1	698	150	72
WELC27_1	WELC	49.666667	-121.416667	91	9.2	19.5	-1.3	20.9	1171	177	16.4	110.3	253	2170	3401	190	252	116	294	178	179	-25	38.5	9.9	750	403	67
WELC27_2	WELC	49.666667	-121.416667	91	9.2	19.5	-1.3	20.9	1171	177	16.4	110.3	253	2170	3401	190	252	116	294	178	179	-25	38.5	9.9	750	403	67
WELC27_3	WELC	49.666667	-121.416667	91	9.2	19.5	-1.3	20.9	1171	177	16.4	110.3	253	2170	3401	190	252	116	294	178	179	-25	38.5	9.9	750	403	67
WELC27_4	WELC	49.666667	-121.416667	91	9.2	19.5	-1.3	20.9	1171	177	16.4	110.3	253	2170	3401	190	252	116	294	178	179	-25	38.5	9.9	750	403	67
WELC27_5	WELC	49.666667	-121.416667	91	9.2	19.5	-1.3	20.9	1171	177	16.4	110.3	253	2170	3401	190	252	116	294	178	179	-25	38.5	9.9	750	403	67
WFSH13_6	WFSH	54.6	-124.766667	686	2.6	14.6	-11.5	26.1	528	214	23.8	68.3	1168	1109	5616	20	155	158	256	99	231	-41.7	32.8	10.9	522	263	61
WHTE28_1	WHTE	50.133333	-126.05	213	7.3	15.7	-0.2	15.9	1629	278	10.6	56.5	249	1513	3917	41	234	137	286	149	229	-23.1	34.3	10.3	648	223	69
WHTE28_3	WHTE	50.133333	-126.05	213	7.3	15.7	-0.2	15.9	1629	278	10.6	56.5	249	1513	3917	41	234	137	286	149	229	-23.1	34.3	10.3	648	223	69
WHTE28_4	WHTE	50.133333	-126.05	213	7.3	15.7	-0.2	15.9	1629	278	10.6	56.5	249	1513	3917	41	234	137	286	149	229	-23.1	34.3	10.3	648	223	69
WHTE28_5	WHTE	50.133333	-126.05	213	7.3	15.7	-0.2	15.9	1629	278	10.6	56.5	249	1513	3917	41	234	137	286	149	229	-23.1	34.3	10.3	648	223	69
WLOW15_1	WLOW	53.916667	-122.283333	640	3.5	15.1	-10.1	25.2	813	319	16.6	47.3	1009	1234	5283	27	161	152	256	104	335	-40.4	33.9	11	562	204	60
WLOW15_3	WLOW	53.916667	-122.283333	640	3.5	15.1	-10.1	25.2	813	319	16.6	47.3	1009	1234	5283	27	161	152	256	104	335	-40.4	33.9	11	562	204	60
WLOW15_4	WLOW	53.916667	-122.283333	640	3.5	15.1	-10.1	25.2	813	319	16.6	47.3	1009	1234	5283	27	161	152	256	104	335	-40.4	33.9	11	562	204	60
WLOW15_5	WLOW	53.916667	-122.283333	640	3.5	15.1	-10.1	25.2	813	319	16.6	47.3	1009	1234	5283	27	161	152	256	104	335	-40.4	33.9	11	562	204	60
YALD27_3	YALD	49.566667	-121.466667	549	6.6	16.3	-2.8	19.1	1613	265	10.3	61.6	393	1500	4207	50	208	139	279	139	432	-28.5	35.3	13.2	650	247	66
YALD27_4	YALD	49.566667	-121.466667	549	6.6	16.3	-2.8	19.1	1613	265	10.3	61.6	393	1500	4207	50	208	139	279	139	432	-28.5	35.3	13.2	650	247	66
YALD27_5	YALD	49.566667	-121.466667	549	6.6	16.3	-2.8	19.1	1613	265	10.3	61.6	393	1500	4207	50	208	139	279	139	432	-28.5	35.3	13.2	650	247	66
YALE27_1	YALE	49.566667	-121.4	61	8.6	18.3	-1.1	19.4	1422	227	13.1	80.5	254	1961	3549	120	237	126	288	162	213	-25.9	37.6	11.9	743	332	64
YALE27_2	YALE	49.566667	-121.4	61	8.6	18.3	-1.1	19.4	1422	227	13.1	80.5	254	1961	3549	120	237	126	288	162	213	-25.9	37.6	11.9	743	332	64
YALE27_3	YALE	49.566667	-121.4	61	8.6	18.3	-1.1	19.4	1422	227	13.1	80.5	254	1961	3549	120	237	126	288	162	213	-25.9	37.6	11.9	743	332	64
ZYMJ10_1	ZYMJ	54.466667	-127.933333	305	3.7	14.4	-8.3	22.8	774	189	17.8	76.4	859	1142	5193	23	162	159	260	101	315	-37.6	33.5	9.5	544	311	62
ZYMJ10_5	ZYMJ	54.466667	-127.933333	305	3.7	14.4	-8.3	22.8	774	189	17.8	76.4	859	1142	5193	23	162	159	260	101	315	-37.6	33.5	9.5	544	311	62
CHWK27_4	CHWK	49.083333	-121.733333	280	7.8	16.1	-0.1	16.2	1579	373	11.3	43.1	221	1610	3760	47	239	130	289	159	174	-24.4	34.4	9.2	666	145	68
KLNG20_2	KLNG	51.3	-125.766667	105	6.2	15	-2.9	17.9	1561	497	10.4	30.2	398	1380	4297	31	193	142	270	128	295	-31.5	34	10.5	640	88	61
NBON29_4	NBON	45.583333	-122	300	8.5	16.7	0.6	16.2	2455	384	7.6	43.6	178	1796	3498	66	237	143	289	147	226	-23.4	36.5	13.7	825	220	62
NHTB27_1	NHTB	49.966667	-121.816667	335	7.2	18	-3.5	21.5	1097	186	15.7	96.7	431	1763	4036	99	200	142	277	136	311	-30.4	37.9	10.1	739	395	60
QBKR16_2	QBKR	52.95	-122.866667	823	3	14.5	-9.8	24.3	547	275	23.8	52.7	1038	1114	5453	20	149	160	252	91	199	-41.9	33.1	10.6	557	236	58
SKWD24_4	SKWD	50.25	-124.016667	323	7	16.1	-1	17	2538	555	6.7	29	290	1498	4024	45	216	140	283	143	405	-26.3	34.7	9.7	658	51	66
SKWF24_4	SKWF	50.25	-123.933333	244	7.2	16.4	-1.1	17.5	2603	585	6.6	28	295	1550	3987	52	212	142	282	140	418	-26.8	35.4	9.6	683	47	64
